1731157803145.2 1.520268 
1728419175725.8 1.561124 
1716323571290.3 1.328137 
1710161659596.8 1.297219 
1690991267661.3 1.435245 
1675244160000.0 1.470579 
1657214862822.6 1.553394 
1639185565645.2 1.735587 
1622297363225.8 1.790797 
1613396824112.9 1.931031 
1611114634596.8 1.870300 
1598562592258.1 1.630688 
1594226432177.4 1.624063 
1578707543467.7 1.398806 
1555200991451.6 1.342492 
1517088426532.3 1.406535 
1511382952741.9 1.362367 
1480573394274.2 1.137110 
1450676711612.9 1.192320 
1447025208387.1 1.179070 
1433788509193.5 1.578791 
1420780028951.6 1.086317 
1379015960806.5 0.752848 
1360302006774.2 0.808058 
1336110797903.2 0.778245 
