1736863276935.5 1.383347 
1726593424112.9 1.171340 
1706738375322.6 1.159194 
1685742231774.2 1.343596 
1667484715645.2 1.246426 
1650824732177.4 1.312678 
1627546399112.9 1.622959 
1616820108387.1 1.658293 
1601301219677.4 1.544561 
1585097674112.9 1.193424 
1559537151532.3 1.184591 
1546300452338.7 1.000189 
1494494750322.6 1.074171 
1483312021693.5 1.063129 
1482627364838.7 1.059816 
1463456972903.2 0.967063 
1456610404354.8 0.907436 
1454099995887.1 0.910749 
1443373705161.3 0.990251 
1440635077741.9 0.968167 
1394763068467.7 0.643532 
